0.0
0.0
0.003622061781745691
0.0
0.0
0.0
0.002294579144702048
0.0
0.0
0.0
0.0019281430021103108
0.004022948977391055
0.00019512555447175764
0.0008690878122320936
0.0
0.000991857035869193
0.0
0.0
0.0
0.0
0.0
0.0
0.0
0.0002276671525002025
0.0003054898342109843
0.0
0.0
0.0
0.0
0.0
0.0
0.0
0.0
0.0
0.0
0.0
0.0002685673038108622
0.0
0.0
0.0
0.0
0.0
0.006964268846541405
0.007045634938730999
0.0
0.005022131385217447
0.0
0.0010143874352844455
0.004477698714610772
0.00019602660261002264
0.0
0.0
0.005748247270649186
0.002105780629556333
0.0
0.0
0.0
0.0
0.003029103947739932
0.00032774994786336447
0.0
0.0
0.0
0.0
0.0
0.0
0.0
0.0
0.0
6.950056167080914e-05
6.96575827896595e-05
0.0
0.0
0.0
0.0
0.0
0.00014189769979566338
0.0
0.0
0.0
0.0
0.00026606467987289154
