0.04467944856629465
0.07101121183851476
0.025894149159245455
0.22471909773650436
0.20052814784619302
0.26767019129429204
0.21957742800024782
0.14405067472511185
0.167219858765286
0.1814094468990806
0.13790545978402172
0.06442256389775503
0.1565277844514252
0.13910098565605725
0.21769548333061936
0.041085983323034196
0.33487698547406475
0.08208050123994798
0.1963100760911795
0.02935444828240954
0.04532703477398666
0.03749296355099104
0.09103895557984928
0.08280942758421785
0.19822252915861546
0.02007816263454711
0.10961269909498202
0.08750660561170129
0.04989686929673635
0.0403415799057249
0.14905488740999037
0.13920772690936808
0.18884553941364615
0.11639166666017782
0.06476978595729897
0.05983388160814054
0.024001856060741386
0.01802155437659943
0.02155887098315242
0.023058840990377513
0.049344014545111545
0.05106675949536245
0.021798688830091614
0.03510297233050837
0.3707170977951133
0.18306884512884286
0.33942082794823103
0.42342594743440065
0.24826059873828982
0.006990200212153479
0.1557056259091813
0.15997517773913505
0.3636090025811388
0.15626147088326053
0.46015730114891407
0.11794285671866614
0.5043069443424281
0.08092497657679537
0.4959958558198556
0.047634184346244585
0.34731330383514575
0.06279410868718473
0.24350049626184528
0.04505229273686008
0.18196709643222106
0.030583492166016225
0.2609429178341771
0.04370975786911605
0.31743194532143626
0.003990487467682985
0.21091930666778794
0.015905788907343368
0.17227611149712158
0.03255114831973906
0.1156730535119391
0.12560154663894657
0.15806113723780602
0.11223156094371169
0.07987948395253949
0.009435033734579441
