0.0
0.0
0.0038631882669271623
0.0003397567987895148
0.0008100344092192328
0.0006467241795596582
0.0024276110466203626
0.0009203582558431663
0.0
0.0
0.0035463468233705372
0.00670237576973452
0.00011221992244945134
0.0008203545907262948
2.1476740908503948e-05
0.0010146917185793235
0.0
0.0
0.0
0.0
0.0
0.0
0.0
0.00033700561866822
0.000238637413955802
0.0
0.0
0.00016190550808513953
0.0
0.0
0.0
0.0
0.0
0.0
0.0
0.0
0.0004102682363946352
0.0
0.0
0.0
8.595141515469372e-05
0.0
0.006737098177495449
0.006612098410001166
0.0
0.00510530243693487
0.0
0.0012763064564240685
0.0045015121280522945
0.00019042899474250614
0.0
0.0
0.007012220391849345
0.002309737484825761
0.0
0.0
0.0
0.0
0.003989266446570173
0.001114441398898982
0.0010824556324449063
0.0
0.0
0.0
0.0
0.0008218944910727344
0.0
0.0
0.0
2.750219177328085e-05
0.00013931516557931902
0.0
0.0
0.0
0.0
0.0
0.00018919693306088448
0.0008377764985277014
0.0
0.0
0.0
0.00014244282691989365
