0.005429314649186298
0.0013611414228312392
0.0016679652146227577
0.00047638358933509655
0.0025987409527243686
0.000845452571103815
0.0
0.0
0.004541707488571002
0.005877273958888265
0.00021779098628757384
0.0004617802484782114
8.523801965929238e-05
0.0010876678999884423
0.0
0.0
0.0
0.0
0.0
0.0
0.00010342318966400389
0.0001665716089275346
0.00030694487854646704
0.0
0.0
0.0
0.0
0.0
0.0
0.0
0.0
0.0
0.0
0.0
0.000610463705908427
0.0
0.0
0.0
0.0
0.0
0.007094502364029748
0.0067881763692647515
0.0
0.005069678086237737
0.0
0.0013232119378266587
0.0043311889345315265
0.0001378078360037641
0.0
0.0
0.007410621731601961
0.0018370045983829185
0.0
0.0
0.0
0.0
0.004026785181799966
0.0007465463529278835
0.0009760100268643581
0.0
0.0
0.0
0.0
0.0008432643529648894
0.0
0.0
0.0
9.65563036375346e-05
0.00027863033115863804
0.0
0.0
0.0
0.0
0.0
4.729923326522111e-05
0.0007317664801144509
0.0
0.0
0.0
0.00018594066615592526
