0.002308378935893379
0.003451029090040172
0.0019506237955352627
0.005546676415690891
0.005715991269805724
0.0056514146555698835
0.0005176520572189173
0.0029797201801244513
0.0022711221730069924
0.003944723813489285
0.0015094678389570234
0.0002117063843682763
0.0037144420822698004
0.005958239012595744
0.003459915243737058
0.005076834817221521
0.0018755701649719634
0.0016670244674580963
0.0026904027224314486
0.0007912682815813118
0.00018850378157771696
0.0024648828869234616
0.0016129169378242352
0.003965290065067532
0.0003160638733373784
0.0024588989709581383
0.001364030878676251
0.00029553639720780804
0.0031893528901453722
8.845718692437185e-05
0.0006397781695089091
0.001563551124038682
0.000664925291103887
0.0015476121956217229
0.003487146064004426
0.0014494013392629187
0.002513141986179261
0.00025725005984439956
0.003100625373984505
0.000666725208780416
0.00029264157984424614
0.00429732482930534
0.005956653709754262
0.0014884465308813444
0.005598688304033344
0.0036649561608444875
0.009899897846608233
0.010825826340144236
0.00464385455087775
0.000697673249076606
0.004020078310610279
0.002561224797186648
0.003121225790408396
0.002364957657137427
0.0011215336216862275
0.007961831450577755
0.00768618418223033
0.00351918956350033
0.009854898648435244
0.006329530627631412
0.002147754384445148
0.0034946674078294927
0.0018987156230913912
0.0013501976584867185
0.0011589708663335562
0.004369401122582545
0.004932318239199988
0.0014009742438082918
0.006058263704875181
0.00228152667621582
0.0020615860309016573
0.003643049453034188
0.002089436080443072
0.003920821483896952
0.0019713144784536986
0.0027313667975609256
0.002637164258669652
0.002056882059221363
0.002065541282977514
0.003454771188346421
