0.022182368312673534
0.018233091808215814
0.0
0.00014989061281085018
0.002636256994593643
0.0
0.0
0.0
0.0023358425001015126
0.0030395185445334766
0.0001743514023213124
0.000786319093634451
0.0
0.0010266030903493628
0.0
0.0
0.0
0.0
0.0
0.0
0.0
0.00013991480655604316
0.0003069795342489827
0.0
0.0
0.0
0.0
0.0
0.0
0.0
0.0
0.0
0.0
0.0
0.0001420920207339021
0.0
0.0
0.0
0.0
0.0
0.006999768142451851
0.007250458417097648
0.0
0.004939852400690817
0.0
0.0012143827368316794
0.004988919925017549
0.0001314797600905035
0.0
0.0
0.0061003965137115986
0.002355589192703381
0.0
0.0
0.0
0.0
0.003145008098184139
0.0004019731383295159
0.0
0.0
0.0
0.0
0.0
0.0
0.0
0.0
0.0
1.3498999475332013e-05
0.00010448637418448924
0.0
0.0
0.0
0.0
0.0
0.0
0.0
0.0
0.0
0.0
0.00013633442899177366
