0.0076527519576755
0.015040192237272858
0.015137234740671256
0.0028610229755409618
0.008760569590424002
0.004565032472930174
0.0013018715488866712
0.0009244270840270415
0.0036070910713738463
0.0042607972879670775
0.0017271233192763984
0.0006076465261948407
0.0016601535616186534
0.002535007312468114
0.0
0.0007482953625078456
0.000981361442926941
0.0023724190385576004
0.0027542529156372015
0.0
0.0056393723490433855
0.0003910482530045996
0.0012592682222047416
0.002745107431392856
0.0012387658412723263
0.00210571983470571
7.213237880553113e-05
0.00042981633451481203
5.219064271510811e-05
0.0011785479999926556
0.00039377740394084274
0.000807866456165885
0.0005966667137313719
4.9013361604047866e-05
0.000273882209756776
0.0004795410718494732
