0.0101075883777557
0.015800092610817718
0.01931255183955547
0.005197819750549576
0.006272553513726
0.0016623279978973619
0.007372893691054473
0.002359640035675742
0.00042704513762146227
0.002568549094049217
0.0026399263522962797
0.0008392980144921875
0.0012010460498770332
0.0006986568558592897
0.0021062222347302175
0.0009033915914704379
0.0003863227199980857
0.0012942425172786107
0.004241880170816286
0.0015779559854615073
0.0020387620521594815
0.0008557488968670287
0.0005422947136685252
5.7442288830393755e-05
9.01176081970334e-05
0.000713313596217597
0.0001218658499419689
0.0006069584741099966
0.0008484590775527006
9.291429384019992e-05
0.0011184510600507343
0.0
0.0
0.00012493882719850677
0.00023113871328806613
0.0029299566196797837
0.001423541868182199
7.991218590177598e-05
0.00022633366544172112
0.0008497677359082811
0.005609823462099474
0.003914493220783617
0.0011136888795639
