0.007202732624832168
0.014799916830650156
0.01650647922580334
0.0038826587110187345
0.008635948574465147
0.005499358008928816
0.0025713048301717347
0.0011874725595121094
0.005434148971185502
0.004219120935102847
0.002409441918537996
0.0008915024946602384
0.0016297935773598065
0.0032423364797221424
0.00014759322384314002
0.001121821074858599
0.0009807003029210309
0.002417642136108492
0.0036291108751366095
0.000141501870425418
0.006418609225242994
0.0009397287294517538
0.003967144148470114
0.0030488673862382317
0.00114645580941695
0.0014714167138333092
0.0017048526213050313
0.0005805240889884932
0.002162415676168467
0.0022641810741441475
0.0005507915587537001
0.001086698875036091
0.0013665406258113176
5.360373895964587e-05
0.0014397802655213648
0.0007872169030272963
